A:2,5,6,4;6,7,5,4;9,5,4,3
B:3,4,5; 9,10,3; 4,76,2
C:6,4,4,5,3; 56,3,56,34,23; 45,6,4,2,9
D:7,5,3,98; 3,46,2,3; 42,66,23,3; 45,6,7,2
E:1,67,34;12,63,23
F:5,77; 5,23; 47,96
G:5,6; 12,11
H:4,6,3,7,3; 4,87,3,6,2; 2,6,3,9,4; 4,7,4,2,3; 6,4,3,4,2
I:1, 3; 3, 9
J:45,4,23,3; 23,73,3,6;
K:3,74,3; 5,54,6; 7,34,8
L:5,5,3,4; 8,3,4,7; 6,4,3,8; 5,3,7,2; 4,79,3,2
M:45,73,4,8,1; 6,4,3,6,3
N:6,4,4,3,4,5; 8,34,7,3,8,3; 4,6,3,7,4,8;
O:7,5,4; 43,63,27; 4,3,87
P:8,8,2; 48,24,7; 8,0,4
T:23,5; 56,6
U:8,4; 0,1
V:3,5,3; 46,2,6
W:4,7,3; 4,87,3
K:3,74,3; 5,54,6;6,8,9
X:5,7,4,7,4; 47,7,4,8,4
Y:0,5;7,6
A:5,5,3,4; 8,3,4,7; 6,4,3,8; 5,3,7,2; 4,79,3,2